888888888888888888888888888888888888888888888888888888888888888888888888888888888888888888888888888888888888888888888888888888888888888888888888888888888888888888888888888888888888888888888888888888888888888888888888888888888888888888888888888888888888888888888888888888888888888888888888888888888888
8                                                                                                                                                                                                                                                                                                          8
8                                                                                                                                                                                                                                                                                                          8
8                                                                                                                                                                                                                                                                                                          8
8                                                                                                                                                                                                                                                                                                          8
8                                                                                                                                                                                                                                                                                                          8
8                                                                                                                                                                                                                                                                                                          8
8                                                                                                                                                                                                                                                                                                          8
8                                                                                                                                                                                                                                                                                                          8
8                                                                                                                                                                                                                                                                                                          8
8                                                                                                                                                                                                                                                                                                          8
8                                                                                                                                                                                                                                                                                                          8
8                                                                                                                                                                                                                                                                                                          8
8                                                                                                                                                                                                                                                                                                          8
8                                                                                                                                                                                                                                                                                                          8
8                                                                                                                                                                                                                                                                                                          8
8                                                                                                                                                                                                                                                                                                          8
8                                                                                                                                                                                                                                                                                                          8
8                                                                                                                                                                                                                                                                                                          8
8                                                                                                                                                                                                                                                                                                          8
8                                                                                                                                                                                                                                                                                                          8
77777777777777777777777777777777777777777777777777777777777777777777777777777777777777777777777777777777777777777777777777777777777777777777777777777777777777777777777777777777777777777777777777777777777777777777777777777777777777777777777777777777777777777777777777777777777777777777777777777777   7
7v8  5   5         5           5   8                                                                                                                                                                                                                                                               9      97
7 8  5   5        5            5   8                                                                                                                                                                                                                                                               9     6 7
7 8  8   888     5    888882228888 8                                                                                                                                                                                                                                                               9    9  7
755588  855588888         82225    8                                                                                                                                                                                                                                                               9   9   7
75   8  8555     8        8   5    8                                                                                                                                                                                                                                                               9  9    7
78   8  8 8       8   88888   855888                                                                                                                                                                                                                                                               9   9   7
788858  8 88888   88888  88   8   55                                                                                                                                                                                                                                                               99   9  7
7    8  8 8      8        8   8   55                                                                                                                                                                                                                                                                 9   9v7
7    8  8 8     8         88887777777                                                                                                                                                                                                                                                                 9   97
758888  8 8 88885   8888555         7                                                                                                                                                                                                                                                                 99   7
7         8     5  5  8    55555 55 7                                                                                                                                                                                                                                                             9999999  7
7         8     5 5   8    5555555557                                                                                                                                                                                                                                                                  9   7
7777777777777777777777777777777755557                                                                                                                                                                                                                                                                 9   97
7       4447444447444  777   777   7                                                                                                                                                                                                                                                                 9   997
7       4444444444444   7     7   7                                                                                                                                                                                                                                                                 9   9997
7       44444444444447     7     7                                                                                                                                                                                                                                                                     99997
7   i   744444744444777   777   777                                                                                                                                                                                                                                                                   999997
777777777777777777777777777777777777777777777777777777777777777777777777777777777777777777777777777777777777777777777777777777777777777777777777777777777777777777777777777777777777777777777777777777777777777777777777777777777777777777777777777777777777777777777777777777777777777777777777777777777777
