7373737373737373737373737373737373737373737373737373737373737373737373737373737373737373737373737373737373737373737373737373737373737373737373737373737373737373737373737373737373737373737373737373737373737373737373737373737373737373737373737373737373737373737373737373737373737373737373737373737373737373737373737373737373737373737373737373737373737373737373737373737373737373737373737373737373737373737373737373737373737373737373                                                                                                                                                                        
73                                                                                                                                                                                                                                                                                                                                                                                                                                                                                                                                                                                                                    
                                                                                                                                                                                                                                                                                                                                                                                                                                                                                                                                                                                                                      
                                                    7373737373737373737373                                                                                                                                                                                                                                                                                                                                                                                                                                                                                                                                            
                                                    7373737373737373737373                                                                                                                                                                                                                                                                                                                                                                                                                                                                                                                                            
                                                    7373737373737373737373                                                                                                                                                                                                                                                                                                                                                                                                                                                                                                                                            
                                                    7373737373737373737373                                                                                                                                                                                                                                                                                                                                                                                                                                                                                                                                            
                                                    737373          737373                                                                                                                                                                                                                                                                                                                                                                                                                                                                                                                                            
                                                    737373          737373                                                                                                                                                                                                                                                                                                                                                                                                                                                                                                                                            
                                                    737373    7373  737373                                                                                                                                                                                                                                                                                                                                                                                                                                                                                                                                            
                                                    737373      73  737373                                                                                                                                                                                                                                                                                                                                                                                                                                                                                                                                            
                                                    737373      73  737373                                                                                                                                                                                                                                                                                                                                                                                                                                                                                                                                            
                                                    73737373    73v 737373                                                                                                                                                                                                                                                                                                                                                                                                                                                                                                                                            
                                                    737373      73  737373                                                                                                                                                                                                                                                                                                                                                                                                                                                                                                                                            
                                                  93939373      73  737373                                                                                                                                                                                                                                                                                                                                                                                                                                                                                                                                            
                                                  93939373    7373  737373                                                                                                                                                                                                                                                                                                                                                                                                                                                                                                                                            
                                                  93939373      73  737373                                                                                                                                                                                                                                                                                                                                                                                                                                                                                                                                            
                939393939393939393939393939393939393939373      73  737373                                                                                                                                                                                                                                                                                                                                                                                                                                                                                                                                            
                93                              939393937373    73  737373                                                                                                                                                                                                                                                                                                                                                                                                                                                                                                                                            
                93                              9393939373      73  737373                                                                                                                                                                                                                                                                                                                                                                                                                                                                                                                                            
                93                              9393939373      73v 737373                                                                                                                                                                                                                                                                                                                                                                                                                                                                                                                                            
                93                              9393939373    7373  737373                              8383838383838383                                                                                                                                                                                                                                                                                                                                                                                                                                                                                              
                93                              9393939373      73  737373                              838383838383838383838383838383838383                                                                                                                                                                                                                                                                                                                                                                                                                                                                          
737373737373737393                              9393737373      73  737373737373737373737373737373737373838383838383838383838383838383838383                                                                                                                                                                                                                                                                                                                                                                                                                                                                          
73              93                                9373737373    73  737373737373737373737373737373737373838383838383838383838383838383838383                                                                                                                                                                                                                    83737373737373737373737373737373737373737373737373737373737373737373737373737373                                                                                                                                                                      
73m   m         93                                93            73  737373737373737373737373737373737373838383838383838383838383838383838383                                                                                                                                                                                                                    83                                                          73                73                                                                                                                                                                      
737373737373    93              2121212121        93            73  737373737373737373737373737373737373838383838383838383838383838383838383                                                                                                                                                                                                                    83                                                          73                73                                                                                                                                                                      
73              31                                93    7373737373  737373737373737373737373737373737373838383838383838383838383838383838383                                                                                                                                                                                                                    83  8383      8383      8383            83    83    8383    73                73                                                                                                                                                                      
73m   m   m     31                                93            73  73v   21    21    21      737373838383838383838383838383      8383838383                                                                                                              93939393939393939393939393939393939393939393939393939393939393939393939393939393939393939393939393939383      83  83    83  83    83          83    83  83    83  73                73                                                                                                                                                                      
739393939393939393      939393932121832121939393  93  v         73  73    21m   21    21m     7373737383838383838383838383          83838383                                                                                                              93                                      8383            83            83            83                83  8383    83    83  83    83  93  93    8383    83    83  73                73                                                                                                                                                                      
73                    9393    93          93      937373737373  73  7321217373737321217373737373737373738383838383838383              838383                                                                                                              93                                      8383            83            83            83                83      83  83    83  83    83    93          83  83    83  73              f 73                                                                                                                                                                      
73            v     93        93          93      93737373  11  73  21    21    21    21      21      11          2121        f         8383                                                                                                              93                8383                  8383            83                          83                83  8383      8383      8383    93  93        83    8383    73              8373                                                                                                                                                                      
73  9393939393939393          93          93      93737373  11  73  21m   21m   21m   21m     21m   v 11          2121      939393      8383                                                                                                                                8383        83838383838383            83                          83                83                                                                      83838373                                                                                                                                                                      
73      42                    93          93  939393737373  73737373737373737373737373737373737373737373737373737373737373737373737373737373                                                                                                                            83838383        83        83838383838383838383838383838383            83                83                                                                  838383838373                                                                                                                                                                      
73  m   42          m         93          93            73          11      7373737373737373737373737373737373737373737373737373737373737373                                                                                                                            83838383        83                            8383      21            83                83            737373737373737373737373737373737373737373737373939393737373737373                                                                                                                                                                      
93939393939393939393      313193          93            73    m     11      737373737373737373737373737373737373                                                                                                                                                    838383838383        83  8383                21    8383      21            83        v v     83        7373737373737373                                                                                                                                                                                                                            
93          52525293939393313193          9393939393    737373737373737373  737373737373737373737373737373737373                                                                                                              838383838383          v               838383838383            8383    83                          21            83        8383    83        7373737373                                                                                                                                                                                                                                  
93          525252        313193          62            21212121            737373737373737373737373737373737373                                                                                                                  21525221          83          8383838383838383            v 8383  83  83    838383          8383            52                52      73737373                                                                                                                                                                                                                                      
93    i     525252    m   313193          31    v       21212121    m       737373737373737373737373737373737373                                                                                                              215252215252      8383838383      8383838383838383      838383838383  83  83    v 83v           83v             21                52      737373                                                                                                                                                                                                                                        
9393939393939393939393939393939393939393939373737373737373737373737373737373737373737373737373737373737373737373                                                                                                                7373737373939393737373737393939373737373737373737373737373737373737373737373737373737373737373737373737373737373737373737373737373939393737373                                                                                                                                                                                                                                        
  93939393939393939393939393939393939393939373737373737373737373737373737373737373737373737373737373737373737373                                                                                                                7373737373939393737373737393939373737373737373737373737373737373737373737373737373737373737373737373737373737373737373737373737373939393737373                                                                                                                                                                                                                                        
