93939393939393939393939393938383838383838383838383838383838383838383838383838383838383837373737373737373737393939393939393939393939393939393939393939393838383838383838383838383838383838383838383838383838383838373737373737373737373737373737373737373737373737373737373737373737373737373737373737373737373737393939393939393939393939393939393939393939393939393939393939393939393939393939393939393939393939393                                                                                                                                                                                                
93                        93          83                  52                    83    83        42                93                                  93              11                      11            52  83      4242        42          42        42          42            42            42            73          62    62  93                        21      21      21  83v v 8393                    93                                                                                                                                                                                                
93                      93                                52                    83    83        42                  93                                93              11                      11    m       52  83      4242    m   42    m     42  m     42    m     42    m       42    m       42          73            62m   62  93                        21  m   21  m   21  83v v 8393                    93                                                                                                                                                                                                
93      939393    939393                                  83                    83    83      7373737373737393        9331313193939393939393939393    9383838352525283838383          838383838383838383838383  83      7373737373737373737373737373737373737373737373737373737373737373737373737373        73      9393939393939393  93    838383    2183838383838383838383838383  83  838393                f   93                                                                                                                                                                                                
93      93            93      8383            838383838383838383        83  838383    83        73        73  93        93          93                93    83            83    m     83            52      83  83m     73    4242424273    11                    73                            73        73          62          93  935283838383    2183      52      52      52  83    8393            9393939393                                                                                                                                                                                                
93    9393            93        83          83                        83        8383  83        73      v 73    93        93          93              93      83          83838383838383          52        83  8373111173    4242424273    11                    73                          73        73      m     62    m   93    93        8321  8383  m   52  m   52  m   52  83v   8393    93939393        93                                                                                                                                                                                                  
93      93    9393    939393    83          83                      83          83    8373      73      7373      93        93    m     93    m       93        83              52              52        83    8342424242    4242424273  7373737373737373        73  73737373737373        73        73936262939393939393939393      93        8321  8383  8383838383838383838383838383  8393                    93                                                                                                                                                                                                
93      93  93    93  93          838383    83  83                83            83    83        73        73        93        93          93939393  939393        83    m       52    m       83        83      8342424242    73                    73            73            73        73        73          62          93        9383      8383  2183      52      52      52        8393                    93                                                                                                                                                                                                
9393    93            93              83    8383838383    83838383              83    83        73        739362    9393        93936262939393  62    62  93        83838383838383838383838383        83        8383838383    73    m           737373      73737373          73        73        73      m     62        93          93        8321  2183      52  m   52  m   52        83939393939393        9393                                                                                                                                                                                                
93      93            93939393        83    83              83        83        83  8383      737373      73        93        93          93    62    62    93                  52                  83        83        83737373737373737373737373          73    42        73        73        739393939393939393      93          93        838321  2183838383838383838383838383838383838393                93  93                                                                                                                                                                                                
93      9393          21      93      83    83              83        83    838383    83        73        73      62        93          93      62    62      93                52                83        83          83                        73      7373    42      73        73        73                      93          93  83        8321  8383838383838383838383838383838383838383              93    93                                                                                                                                                                                                
93    93939393    m   21      9383    83    83  83838383    83  83838383        83    83        73        73    62        93          93        62939362        93              52              83        83        83  83                          73            42    73        73        73            m         93          93      83m     8321  2121212121218383838383838383838383838383            93      93                                                                                                                                                                                                
93      93939393939321        93      83    83              52                  83    8373      73      7373  93        93          93          93    93          93            52            83        8383838383  83  83      73737373737373        73      m   42  73        7342      73626262626293939393939393          93          83    8321  2121212121218383838383838383838383838383          93        93                                                                                                                                                                                                
93                93          93      83    83              52        m         8383  83        73        7393        93          93          93        93          938383      83      838383        83            83  83    73v             73        73737373737373        73  42    73              62        93        93              52  8383  8383838321218383838383838383838383838383        93          93                                                                                                                                                                                                
93  m   21        93          93    8383    83            838383838383838383838383    83  m     73  m     73        93      313193          93    9393    93          93        83        83        83              83  83      73              73                          73    42  73      m         62        93      93                  528383  8383838383218383838383838383838383838383      93            93                                                                                                                                                                                                
9393939393      93        939393            838383    8383              11            8311117373737373111173        93        93  93          93        93          93        838383        83        83      83838383  83        73737373      7373      m               73      427393939393939393939393939393  93    938383838383  83838383838383  8383838321218383838383838383838383838383    93              93                                                                                                                                                                                                
93            93        93    83            83            83            11            83                  73939393  93        93    93          93    93          93            83            83        83          83  8373            73      73737373737373737373737373        7362        62      62          93  93                          83  8383838321218383838383838383838383838383                    93                                                                                                                                                                                                
93          93        93        83838383    83              83          11    m       83                  73        93        93      93        62939362        93      83              83      83        83        83  83  73                7373          11        73        73v 62    m   62      62    m     93  93                          83  8383838321838383838383838383838383838383                    93                                                                                                                                                                                                
93        93        93                      83    8383            8383  838383838383838373737373737373731173        93      9393        93      62    62      93      838383    m     838383      83        83      83  83    73            737373        11        73        73939393939393939393  9393939393939393  935283838383838383838383835283  83838383212183838321525252525252838383838383838383          93                                                                                                                                                                                                
93      93        93                m       83        83          8383  83      11      11      11        73        93        93          93m   62    62m   93  83          83      83          83  83        83    83  83      7373    7373737373      73  m     7342      73                  93    93      9362    93                          83  83838383212183838321525252525252838383838383                93                                                                                                                                                                                                
93        93        93v 835252838383838383838383        83838383838383  83      11  m   11  m   11  m     73  9393939393      93  93        939393    939393      83          83  83          83      83            83  83                            734242424273  42    7393                  93    93    v 9362    93    m             m       83  838383838321838383    8383835252525252525252                93                                                                                                                                                                                                
93m   21    93        9383                83    83                  83  8342737373737373737373737373737373            9393    93    93                93            83          83          83          83        8383  83        m                 734242424273    42  73  9362629393939393    9393  626293939362    938383838383528383838383838383  83838383212121212121  8383835252525252525252  9393939393939393                                                                                                                                                                                                
93939393      93        93                83v     83                83  83                            73              93      93      93        m     93              83                  83      8383838383  m   8383  83737373737373737373737373734242424273      4273    31            93    93    62      93    93  5252525252525252525252    83  83838383212121212121  8383838383838383838383        93v   v 93                                                                                                                                                                                                
93    21        93        93                83      83838383838383  83  83            m         m     7393  939393  9393      93        93939393939393939393838383      52      m       52                  83    8383  83          42      42        424273        73v m   31            93    93    93      93  93    5252525252525252525252    83  83838383838383838383838383838383838383838383        93      93                                                                                                                                                                                                
93    21  m     93          93    83            m   83              83  8373737373737373737373737373117393            93    9393          93v             93838383m       8383      8383      m               83838383  83          42  m   42  m     4273        7393939393939393939393  93    93  939393939393  93    5252525252835252525252    83  8383838383838383838383838383838383838383838383      93      93                                                                                                                                                                                                
93    9393939393939393        938383838352525252838383              83  83                            7393          93          93          93            9383838383838383838352  52838383838383838383838383838352  83  83    73737373737373737373737373        73                        93    93            93  93    5252525252835252525252    83  8383838383838383838383838383838393                  93      93                                                                                                                                                                                                
93        9393        93        93        11        83  83838383838383  83                            73v 93      93              93          93          93                  52  52                  83  21525252  83  83          42              73        73        m                 93    93            93  93    5252525252835252525252    83  8383838383838383838383838383838393                  93    9393                                                                                                                                                                                                
93          93v       9393      93        11        83              83  83737373737373737311117373737373    93  9393939393          93          93        93                  52  52                  83  52525252  83  83          42            73        73939393939362629393939393939393    9393939393    93  93  83838383838383838383838383  83  8383838383838383838383838383838393    93  939393939393      93                                                                                                                                                                                                
93          9393      93        93        838383838383      m     v 83  83                    42      73    93  93                    93          93      93838383            838383            83838383  83835252  83  83737373    7373        7342      73      626262626262936293                    93    93  93              83              83  8383838383838383838383838383838393    93                    93                                                                                                                                                                                                
93  93    93        93        93        83          838383838383838383  83                    42      73    93  93                      93          62    93    52    83                  83    52    83  83838352  83  83          73        73  42    73      62626262626293626293                    93    93  93            838383            83  8383838383838383838383838383838393    93                    93                                                                                                                                                                                                
93  93    93      93        93    m   83            83                  83    73737373737373737373    7393        93        9362629393939393          62  93    52    83        m         83    52    83  838383835283  83        73        73    42  73      629393939393939362  93      93939393      9393  93  93838352528383  83  83835252838383  83838383838383838383838383839393936262939393939393939393939393                                                                                                                                                                                                
9393            93      93935252525283      83  v   83                  83            73              73            93      93              93          9393    838383838383831111118383838383838383  83  83        83  83  m   73        73      4273      626293626262626262    93                    93    93  93        83    83    83        83  838383838383838383838383838393        93                    93                                                                                                                                                                                                
93              93      9393      83          83838383  83838383      83  73  m     v 73            7373              93    93        m       93          93                83      838383            83  83        83  83    73        73        73      626262936262626262      93                    93    93  93  m   83      83      83  m   83  838383838383838383838383838393        93                    93                                                                                                                                                                                                
93    939393939393      9311        83          83        83        83      73737373737373731173      7373737393        93939393933131939393939393          93              83    838383              83  83  83838383  837373        73        73  m   939393939393939393      9393    93        93    93  9393  93525283        83        83525283  838383838383838383838383838393    939393                    93                                                                                                                                                                                                
93                93        11        83        83        83  m   83          11              73            73  93        93                      93          93      m     83      83  m     8383838383  83      52    8373        73        73      626262626262626262      93  93  93            93  93    93  93            83  83            83  838383838383838383838383838393                              93                                                                                                                                                                                                
93  m               93        1183      83      83  83838383    83            11              73            73    93        93                    9393          93          83      83        83      83  83  m   52    83        73        73      626262626262626262      93    9393      9393      9393    93  93  m       83      83    m     83  838383838383838383838383838393                    93      9393                                                                                                                                                                                                
93939393939393        93        83          m   83        838383838383    73737373    737373737373737373    73      93        9393939393939393    93  9393        93939393938383    838383838383      83  8383838383838383      73        73737373737373737373736262      93      93        9393        9393  93  939393935252          525283838383  83838383838383838383838383839393939393939393939393          93                                                                                                                                                                                                
93                      93      83              83                            73              73            73                                    93                                52              8383                      73          42              42            62        93        6262        62    93                  83              83                                                  11          93                                                                                                                                                                                                
93      i               93      83              83    m                       73    m         73    m       7393        m                         93              m                 52      m     838383          m         73            42        m     42          62          93    m   6262    m   62    93          m       83      m       83                                                  11    m     93                                                                                                                                                                                                
93939393939393939393939393838383838383838383838383838383838383838383838383838373737373737373737373737373737373939393939393939393939393939393939393939393939393939393939393938383838383838383838383838383838383838383838383737373737373737373939393939393939393939393939393939393939393939393939393939393939393939393939393838383838383838383838383838383839393939393939393939393939393939393939393939393939393939393                                                                                                                                                                                                
93939393939393939393939393838383838383838383838383838383838383838383838383838373737373737373737373737373737373939393939393939393939393939393939393939393939393939393939393938383838383838383838383838383838383838383838383737373737373737373939393939393939393939393939393939393939393939393939393939393939393939393939393838383838383838383838383838383839393939393939393939393939393939393939393939393939393939393                                                                                                                                                                                                
